%Lena

Sachnev=[8453,	13100,	19030,	26280,	32090,	33690,	29630,	22570,	16090,	10610,	6998];
Dargoi=[8312,	13070,	18950,	26430,	32340,	34070,	29870,	22930,	16430,	10870,	7200];
CRP=	[8344,	13080,	19020,	26400,	32360,	34080,	29860,	22980,	16430,	10880,	7176];


% Baboon
% Sachnev=[7780,	8628,	9583,	10440,	10820,	10800,	10710,	10180,	9435,	8473,	7471];
% Dargoi=[7768,	8593,	9550,	10420,	10770,	10800,	10670,	10090,	9392,	8420,	7474];
% CRP=	[7919,	8902,	9814,	10670,	11080,	11110,	10980,	10460,	9759,	8764,	7761];


% Boat
% Sachnev=[11211,       13427,       15783,       17990,       19690,      19957,       18777,       16764,       14564,       12355,       10322];
% Dargoi=[10279,       12726,       15350,       18327,       20105,       20949,       19852,       18212,       16143,       13885,       11714];
% CRP=	[10609,       13157,       15672,       18399,       20265,       21022,       19646,       17943,       15858,       13622,       11333];



% Airplane
% Sachnev=[4944        7713       12999       23415       42109       53159       37342       20115       11010        6813        4321];
% Dargoi=[4968        7691       13019       23404       42079       53285       37224       20259       10989        6816        4349];
% CRP=	[4997        7739       13096       23593       42389       53500       37668       20388       11138        6944        4422];


%Bush
% Sachnev=[5890	10022	17346	28172	43002	47529	33099	21302	13074	8083	5137];
% Dargoi=[5787	9953	17361	28455	43111	47962	33214	21381	12950	7849	4805];
% CRP=	[5851	10170	17635	28963	43681	48469	33788	21807	13302	8020	4908];



base=[-5,	-4,	-3,	-2,	-1,	0,	1,	2,	3,	4,	5];


%Lena

% Sachnev=[198         206         279         334         383         483         614         766         959        1173        1422 1981        2726        3836        5702        8432       13153       18948       26256       32223       33720       29548       22586 16104       10592        6961        4634        3234        2339        1726        1343        1138         881         683         537 485         461         378         316         247         215];
% Dargoi=[99         120         159         181         236         324         397         538         672         850        1159 1656        2441        3582        5499        8251       13086       19008       26417       32357       34007       29885       22919 16387       10929        7172        4877        3397        2447        1858        1453        1197         951         789         592 559         533         422         377         286         257];
% CRP=	[115         130         190         200         276         340         419         560         700         873        1177 1702        2464        3599        5522        8352       13082       18976       26444       32386       34017       29863       22969 16373       10894        7209        4845        3372        2410        1790        1429        1173         911         719         573 505         500         397         336         257         238];


% Baboon
% Sachnev=[1778        2090        2173        2231        2568        2707        2886        3258        3648        3861        4364  4891        5501        6132        7010        7761        8650        9570       10432       10813       10791       10718       10193 9447        8437        7522        6832        5977        5106        4634        4170        3722        3318        3078        2795 2550        2358        2154        2074        1869        1789];
% Dargoi=[1731        1984        2100        2170        2523        2641        2849        3192        3593        3780        4321 4842        5468        6088        6961        7770        8621        9537       10408       10797       10770       10652       10081 9395        8459        7463        6774        5887        5001        4570        4081        3648        3247        2965        2651 2371        2195        1962        1892        1682        1609];
% CRP=	[1801        2063        2129        2255        2605        2725        2884        3310        3685        3852        4450  4913        5616        6168        7178        7929        8908        9810       10676       11052       11147       10957       10480 9760        8751        7757        7082        6141        5234        4760        4177        3780        3355        3054        2685  2390        2244        1974        1872        1636        1587];

% Boat
% Sachnev=[393         461         571         733         880        1078        1323        1675        2115        2801        3641 4538        5905        7343        9178       11207       13460       15772       17984       19739       19922       18769       16750 14567       12377       10293        8430        6869        5508        4318        3419        2669        1992        1533        1241 988         814         664         550         512         457];
% Dargoi=[119         180         203         291         373         490         642         895        1279        1767        2544 3424        4723        6188        7933       10265       12736       15341       18331       20111       20953       19832       18239 16126       13861       11723        9645        7891        6393        5015        4054        3102        2514        1918        1549 1262        1016         816         678         653         537];
% CRP=	[168         230         257         339         442         606         753        1026        1431        1992        2804 3698        5067        6542        8378       10656       13149       15646       18454       20218       20984       19690       17950 15854       13585       11353        9291        7610        6125        4752        3799        2913        2302        1706        1384 1125         892         717         576         572         472];


% Airplane
% Sachnev=[254         334         371         440         502         611         748         888         995        1172        1316 1691        2010        2652        3595        4970        7682       13005       23327       42115       53349       37222       20129 11018        6799        4337        3136        2323        1842        1481        1171        1054         912         720         661 541         443         387         337         273         222];
% Dargoi=[188         248         300         352         395         479         589         765         806        1012        1153 1544        1841        2502        3438        4843        7618       12924       23382       42152       53223       37367       20165 11055        6816        4339        3057        2236        1753        1416        1207        1090         946         782         768  660         576         492         468         387         318];
% CRP=	[213         280         339         383         435         529         635         837         885        1099        1256  1642        1946        2623        3565        4957        7810       13055       23579       42361       53563       37599       20461 11133        6920        4442        3197        2299        1808        1429        1083         951         771         620         561 482         408         376         351         309         224];


%Bush
% Sachnev=[64          75         110         178         204         274         369         494         661         793        1062 1337        1898        2556        3678        5867       10051       17269       28283       42894       47497       33155       21360 13072        8049        5144        3361        2393        1748        1319        1039         835         623         487         394 302         207         197         133         110          86];
